# model obtained from:  http://people.sc.fsu.edu/~jburkardt/data/obj/icosahedron.obj
eye 0 0 3
viewdir 0 0 -1
updir 0 1 0
fovv 45
light 2 3.5 6 1 1 1 1
imsize 800 600
bkgcolor 0.2 0.2 0.2
mtlcolor 0.3 0.6 0.2 1 1 1 0.2 0.3 0.8 2
v  0  -0.525731  0.850651
v  0.850651  0  0.525731
v  0.850651  0  -0.525731
v  -0.850651  0  -0.525731
v  -0.850651  0  0.525731
v  -0.525731  0.850651  0
v  0.525731  0.850651  0
v  0.525731  -0.850651  0
v  -0.525731  -0.850651  0
v  0  -0.525731  -0.850651
v  0  0.525731  -0.850651
v  0  0.525731  0.850651
f  2  3  7
f  2  8  3
f  4  5  6
f  5  4  9
f  7  6  12
f  6  7  11
f  10  11  3
f  11  10  4
f  8  9  10
f  9  8  1
f  12  1  2
f  1  12  5
f  7  3  11
f  2  7  12
f  4  6  11
f  6  5  12
f  3  8  10
f  8  2  1
f  4  10  9
f  5  9  1
